{"name":"Camera_1","class":"Camera","__parent":"SimGroup_","position":[420.615784,-72.8125839,21.5869904],"dataBlock":"observer","rotationMatrix":[-0.630246997,-0.776394486,0,0.776390433,-0.630243719,-0.00320729334,0.00249008136,-0.00202136743,0.999994636]}
{"name":"Camera_10","class":"Camera","__parent":"SimGroup_","position":[-539.432007,-230.1586,-11.7222595],"dataBlock":"observer","rotationMatrix":[0.75256145,-0.658521771,2.98023188e-08,0.657243967,0.751101017,-0.062267676,0.0410046168,0.0468602777,0.998059273]}
{"name":"Camera_11","class":"Camera","__parent":"SimGroup_","position":[-447.69989,-30.8123703,-10.638031],"dataBlock":"observer","rotationMatrix":[-1,0,0,0,-0.999999821,-1.00413963e-05,0,-1.02202102e-05,0.999999821]}
{"name":"Camera_12","class":"Camera","__parent":"SimGroup_","position":[221.25708,529.241882,-4.5355072],"dataBlock":"observer","rotationMatrix":[-0.447593749,0.894236803,2.98023188e-08,-0.894159734,-0.447555125,-0.0131291999,-0.0117406109,-0.00587657886,0.999913633]}
{"name":"Camera_13","class":"Camera","__parent":"SimGroup_","position":[-121.46051,202.238007,-5.69638062],"dataBlock":"observer","rotationMatrix":[-1,0,0,0,-0.999999821,-1.00413963e-05,0,-1.02202102e-05,0.999999821]}
{"name":"Camera_14","class":"Camera","__parent":"SimGroup_","position":[410.9104,732.075989,-0.292877197],"dataBlock":"observer","rotationMatrix":[-0.997736573,-0.067243807,-3.72528985e-09,0.0666367859,-0.988729656,-0.134062886,0.00901490264,-0.133759558,0.990972698]}
{"name":"Camera_15","class":"Camera","__parent":"SimGroup_","position":[598.711853,578.441345,18.7591553],"dataBlock":"observer","rotationMatrix":[0.316104352,0.94872427,-2.98023188e-08,-0.946120441,0.315236777,-0.0740376264,-0.0702412799,0.0234036092,0.997255266]}
{"name":"Camera_16","class":"Camera","__parent":"SimGroup_","position":[609.116516,298.971466,33.5248718],"dataBlock":"observer","rotationMatrix":[-0.00312423659,-0.999994993,2.98023188e-08,0.999989808,-0.00312411715,-0.00320091564,0.00320094544,-1.00138514e-05,0.999994695]}
{"name":"Camera_17","class":"Camera","__parent":"SimGroup_","position":[317.952515,-127.629082,12.4480133],"dataBlock":"observer","rotationMatrix":[-0.999180913,0.0404590368,-1.86264493e-09,-0.0404521301,-0.999010444,-0.0184769277,-0.000747559243,-0.0184616689,0.999829054]}
{"name":"Camera_18","class":"Camera","__parent":"SimGroup_","position":[85.8647766,-117.908928,8.59007263],"dataBlock":"observer","rotationMatrix":[1.19209275e-07,0.999999762,0,-0.999156535,-1.04216062e-14,-0.0410573669,-0.0410572775,1.19209268e-07,0.999156535]}
{"name":"Camera_2","class":"Camera","__parent":"SimGroup_","position":[134.735901,-129.418182,17.5312805],"dataBlock":"observer","rotationMatrix":[-1,0,0,0,-0.999999821,-1.00413963e-05,0,-1.02202102e-05,0.999999821]}
{"name":"Camera_3","class":"Camera","__parent":"SimGroup_","position":[129.215332,-147.390228,17.4823151],"dataBlock":"observer","rotationMatrix":[-1,0,0,0,-0.999999821,-1.00413963e-05,0,-1.02202102e-05,0.999999821]}
{"name":"Camera_4","class":"Camera","__parent":"SimGroup_","position":[-179.970123,-38.9014053,0.0351715088],"dataBlock":"observer","rotationMatrix":[-0.941769719,0.336258322,0,-0.335681438,-0.940153897,-0.0585509688,-0.0196882449,-0.0551415198,0.99828428]}
{"name":"Camera_5","class":"Camera","__parent":"SimGroup_","position":[-210.631104,-53.7945023,6.76953125],"dataBlock":"observer","rotationMatrix":[-0.907502413,-0.420046806,0,0.419607282,-0.906552792,-0.0457332321,0.0192101337,-0.0415031426,0.998953581]}
{"name":"Camera_6","class":"Camera","__parent":"SimGroup_","position":[-198.299194,-329.163239,15.7676392],"dataBlock":"observer","rotationMatrix":[0.999999881,0,0,0,0.657033205,-0.753861368,0,0.753861368,0.657033205]}
{"name":"Camera_7","class":"Camera","__parent":"SimGroup_","position":[-231.959961,-556.59314,7.37342834],"dataBlock":"observer","rotationMatrix":[0.761871815,0.647727609,5.96046377e-08,-0.647724271,0.761867821,-0.00319328625,-0.00206842669,0.0024328297,0.999994695]}
{"name":"Camera_8","class":"Camera","__parent":"SimGroup_","position":[-387.052368,-342.626221,-0.651992798],"dataBlock":"observer","rotationMatrix":[0.952739298,0.303788722,-1.49011594e-08,-0.303787172,0.952734351,-0.0031914385,-0.000969510817,0.00304057519,0.999994755]}
{"name":"Camera_9","class":"Camera","__parent":"SimGroup_","position":[-361.885437,-275.718323,10.1351624],"dataBlock":"observer","rotationMatrix":[-0.70710659,0.70710665,0,-0.706717312,-0.706717253,-0.0331813879,-0.0234627686,-0.023462709,0.999449193]}
{"name":"SimGroup_","class":"SimGroup","groupPosition":"249.9896842555 -111.9581664236 136.46661216334"}
