{"name":"Camera_1","class":"Camera","__parent":"SimGroup_","position":[128.079895,15.9653778,4.49264526],"dataBlock":"Observer","rotationMatrix":[0.99999994,0,0,0,0.99999994,0,0,0,0.999999881]}
{"name":"Camera_10","class":"Camera","__parent":"SimGroup_","position":[-367.455505,-55.1471329,3.55435181],"dataBlock":"Observer","rotationMatrix":[0.99999994,0,0,0,0.99999994,0,0,0,0.999999881]}
{"name":"Camera_11","class":"Camera","__parent":"SimGroup_","position":[-18.2198334,37.5307846,11.5774384],"dataBlock":"Observer","rotationMatrix":[0.999999881,2.35533553e-05,-9.09494593e-13,-2.35533535e-05,0.999999762,-5.64138027e-05,-1.32719269e-09,5.64138027e-05,0.999999762]}
{"name":"Camera_12","class":"Camera","__parent":"SimGroup_","position":[172.1091,121.434471,14.1515045],"dataBlock":"Observer","rotationMatrix":[0.99999994,0,0,0,0.99999994,0,0,0,0.999999881]}
{"name":"Camera_13","class":"Camera","__parent":"SimGroup_","position":[452.246552,130.671509,16.7638397],"dataBlock":"Observer","rotationMatrix":[0.956300437,0.292385399,0,1.85593308e-05,-6.070171e-05,-0.999999821,-0.292385399,0.956300378,-6.34755561e-05]}
{"name":"Camera_14","class":"Camera","__parent":"SimGroup_","position":[577.799377,205.169281,20.914566],"dataBlock":"Observer","rotationMatrix":[-0.993038654,-0.117787473,0,0.0978367925,-0.824839115,-0.55683738,0.0655884743,-0.552961051,0.830621243]}
{"name":"Camera_15","class":"Camera","__parent":"SimGroup_","position":[757.500549,124.575127,12.0939484],"dataBlock":"Observer","rotationMatrix":[0.99999994,0,0,0,0.99999994,0,0,0,0.999999881]}
{"name":"Camera_16","class":"Camera","__parent":"SimGroup_","position":[831.239563,-181.068207,5.18977356],"dataBlock":"Observer","rotationMatrix":[0.262105048,0.965039253,2.98023188e-08,-0.953215182,0.258893698,-0.156059265,-0.150603384,0.0409038812,0.98774761]}
{"name":"Camera_17","class":"Camera","__parent":"SimGroup_","position":[670.263123,-201.768585,3.20462036],"dataBlock":"Observer","rotationMatrix":[0.99999994,0,0,0,0.99999994,0,0,0,0.999999881]}
{"name":"Camera_18","class":"Camera","__parent":"SimGroup_","position":[630.52832,28.2717972,7.90643311],"dataBlock":"Observer","rotationMatrix":[0.99999994,0,0,0,0.99999994,0,0,0,0.999999881]}
{"name":"Camera_19","class":"Camera","__parent":"SimGroup_","position":[448.614349,69.5338135,4.33932495],"dataBlock":"Observer","rotationMatrix":[0.99999994,0,0,0,0.99999994,0,0,0,0.999999881]}
{"name":"Camera_2","class":"Camera","__parent":"SimGroup_","position":[-11.5769958,-8.43812943,4.0544281],"dataBlock":"Observer","rotationMatrix":[-0.978616118,-0.205694094,7.45057971e-09,0.205635294,-0.978336453,-0.0239048824,0.0049170875,-0.0233937129,0.999714017]}
{"name":"Camera_20","class":"Camera","__parent":"SimGroup_","position":[222.840302,19.791275,12.1109924],"dataBlock":"Observer","rotationMatrix":[0.999999881,2.35533553e-05,-9.09494593e-13,-2.35533535e-05,0.999999762,-5.64138027e-05,-1.32719269e-09,5.64138027e-05,0.999999762]}
{"name":"Camera_21","class":"Camera","__parent":"SimGroup_","position":[194.122772,45.9224319,2.83006287],"dataBlock":"Observer","rotationMatrix":[0.99440676,0.105616763,0,-0.105616756,0.994406641,-9.64085048e-05,-1.01755486e-05,9.58715755e-05,0.999999702]}
{"name":"Camera_22","class":"Camera","__parent":"SimGroup_","position":[4.77698517,4.41596222,2.20333862],"dataBlock":"Observer","rotationMatrix":[-0.935405016,-0.353577375,0,0.353533477,-0.935288906,-0.0157550815,0.0055706352,-0.0147372084,0.999875665]}
{"name":"Camera_23","class":"Camera","__parent":"SimGroup_","position":[-134.286285,-42.0350418,4.63546753],"dataBlock":"Observer","rotationMatrix":[0.999999881,2.35533553e-05,-9.09494593e-13,-2.35533535e-05,0.999999762,-5.64138027e-05,-1.32719269e-09,5.64138027e-05,0.999999762]}
{"name":"Camera_3","class":"Camera","__parent":"SimGroup_","position":[-358.281586,-119.547539,3.80162048],"dataBlock":"Observer","rotationMatrix":[0.99999994,0,0,0,0.99999994,0,0,0,0.999999881]}
{"name":"Camera_4","class":"Camera","__parent":"SimGroup_","position":[-444.826324,-122.039803,1.237854],"dataBlock":"Observer","rotationMatrix":[0.999999881,2.35533553e-05,-9.09494593e-13,-2.35533535e-05,0.999999762,-5.64138027e-05,-1.32719269e-09,5.64138027e-05,0.999999762]}
{"name":"Camera_5","class":"Camera","__parent":"SimGroup_","position":[-572.983154,-106.768456,2.19592285],"dataBlock":"Observer","rotationMatrix":[0.99999994,0,0,0,0.99999994,0,0,0,0.999999881]}
{"name":"Camera_6","class":"Camera","__parent":"SimGroup_","position":[-828.157654,-30.6110382,4.17446899],"dataBlock":"Observer","rotationMatrix":[0.999999881,2.35533553e-05,-9.09494593e-13,-2.35533535e-05,0.999999762,-5.64138027e-05,-1.32719269e-09,5.64138027e-05,0.999999762]}
{"name":"Camera_7","class":"Camera","__parent":"SimGroup_","position":[-943.337708,-18.906086,-0.174667358],"dataBlock":"Observer","rotationMatrix":[0.866709292,-0.498813331,0,0.493245631,0.85703522,-0.148993373,0.0743198842,0.129133984,0.988838017]}
{"name":"Camera_8","class":"Camera","__parent":"SimGroup_","position":[-848.18811,50.113945,1.739151],"dataBlock":"Observer","rotationMatrix":[0.99999994,0,0,0,0.99999994,0,0,0,0.999999881]}
{"name":"Camera_9","class":"Camera","__parent":"SimGroup_","position":[-657.167053,-5.02598953,2.65586853],"dataBlock":"Observer","rotationMatrix":[0.99999994,0,0,0,0.99999994,0,0,0,0.999999881]}
{"name":"SimGroup_","class":"SimGroup","groupPosition":"-94.359091440837 -37.960183349748 145.65282249451"}
