{"name":"Camera_1","class":"Camera","__parent":"SimGroup_","position":[-673.002075,-1856.75146,94.2018127],"dataBlock":"Observer","rotationMatrix":[-0.999341607,-0.0362746939,0,0.031365443,-0.864095211,-0.502349675,0.0182225835,-0.502018988,0.864664316]}
{"name":"Camera_10","class":"Camera","__parent":"SimGroup_","position":[-1844.04395,-1539.86072,29.4217224],"dataBlock":"Observer","rotationMatrix":[0.999990046,0.00443781354,2.32830616e-10,-0.00442318991,0.996694863,-0.0811141282,-0.000359969534,0.0811133534,0.996704638]}
{"name":"Camera_100","class":"Camera","__parent":"SimGroup_","position":[-332.816071,-1993.16919,95.2661438],"dataBlock":"Observer","rotationMatrix":[-0.0223112106,-0.999254704,-0.0315053053,0.9979285,-0.0203574896,-0.0610299148,0.0603430606,-0.0328016765,0.997638583]}
{"name":"Camera_101","class":"Camera","__parent":"SimGroup_","position":[-537.179077,-2040.479,91.9040222],"dataBlock":"Observer","rotationMatrix":[-0.997495174,0.0707328171,0,-0.0706969574,-0.996989429,-0.0318381377,-0.00225199969,-0.0317583866,0.999492824]}
{"name":"Camera_11","class":"Camera","__parent":"SimGroup_","position":[-2058.73535,-1382.73376,22.7341614],"dataBlock":"Observer","rotationMatrix":[-0.938553452,0.345133066,0,-0.344581127,-0.937052548,-0.0565329343,-0.019511383,-0.0530590527,0.998400509]}
{"name":"Camera_12","class":"Camera","__parent":"SimGroup_","position":[-2258.08081,-1109.38367,48.0118713],"dataBlock":"Observer","rotationMatrix":[0.528501034,0.848932505,0,-0.256457746,0.159657195,-0.953277826,-0.809268653,0.503808379,0.30209434]}
{"name":"Camera_13","class":"Camera","__parent":"SimGroup_","position":[-2197.96167,-927.022461,49.6406555],"dataBlock":"Observer","rotationMatrix":[-0.499330103,-0.866411686,0,0.857509673,-0.494199663,-0.142980754,0.12388023,-0.0713945925,0.989725292]}
{"name":"Camera_14","class":"Camera","__parent":"SimGroup_","position":[-2141.22412,-646.329224,53.197998],"dataBlock":"Observer","rotationMatrix":[0.971961081,-0.235141233,-7.45057971e-09,0.235093847,0.971765161,-0.0200724248,0.00471984316,0.0195095763,0.999798298]}
{"name":"Camera_15","class":"Camera","__parent":"SimGroup_","position":[-2235.09692,-304.142609,26.59198],"dataBlock":"Observer","rotationMatrix":[0.0075549474,0.99997133,-2.98023188e-08,-0.999479949,0.00755125144,-0.0313435383,-0.0313426442,0.00023675026,0.9995085]}
{"name":"Camera_16","class":"Camera","__parent":"SimGroup_","position":[-2416.20874,111.370911,11.475647],"dataBlock":"Observer","rotationMatrix":[0.993191302,0.116493903,3.72528985e-09,-0.115928285,0.988369048,-0.0984223559,-0.01146561,0.0977522209,0.995144546]}
{"name":"Camera_17","class":"Camera","__parent":"SimGroup_","position":[-2607.18433,185.510651,2.66534424],"dataBlock":"Observer","rotationMatrix":[0.0818767995,-0.996642411,0,-5.49609695e-06,-4.51519185e-07,-0.999999821,0.996642351,0.0818767995,-5.51461244e-06]}
{"name":"Camera_18","class":"Camera","__parent":"SimGroup_","position":[-2612.06982,298.973236,-4.26483154],"dataBlock":"Observer","rotationMatrix":[-0.0270503722,-0.999633908,0,0.989083767,-0.0267649833,-0.144901574,0.144848526,-0.00391960284,0.989445865]}
{"name":"Camera_19","class":"Camera","__parent":"SimGroup_","position":[-2386.04395,366.078217,-24.4302673],"dataBlock":"Observer","rotationMatrix":[0.958835244,0.283962429,0,-0.207159206,0.699499428,-0.683948338,-0.194215655,0.655793846,0.729530275]}
{"name":"Camera_2","class":"Camera","__parent":"SimGroup_","position":[-790.392212,-2036.36841,73.3699036],"dataBlock":"Observer","rotationMatrix":[-0.842448354,0.538776934,-2.98023188e-08,-0.536122799,-0.838298142,-0.0991370156,-0.0534127578,-0.0835178494,0.995073617]}
{"name":"Camera_20","class":"Camera","__parent":"SimGroup_","position":[-2181.83081,533.671021,-47.4215393],"dataBlock":"Observer","rotationMatrix":[-0.593933463,-0.80451405,-2.98023188e-08,0.708677948,-0.523182333,-0.473344862,0.380812615,-0.28113544,0.880876958]}
{"name":"Camera_21","class":"Camera","__parent":"SimGroup_","position":[-1953.48071,722.900146,-82.2833862],"dataBlock":"Observer","rotationMatrix":[-0.563822389,-0.825895846,0,0.548400819,-0.374382228,-0.747725964,0.617543817,-0.421584666,0.664007187]}
{"name":"Camera_22","class":"Camera","__parent":"SimGroup_","position":[-754.255615,-2328.88696,87.8641052],"dataBlock":"Observer","rotationMatrix":[-0.702928185,0.711260676,0,0.512323081,0.506321132,-0.693659604,-0.493372887,-0.487593055,-0.720302761]}
{"name":"Camera_23","class":"Camera","__parent":"SimGroup_","position":[-1869.61206,1083.1958,-59.4110718],"dataBlock":"Observer","rotationMatrix":[-0.712664843,-0.701504469,2.98023188e-08,0.585423648,-0.594737232,-0.550968587,0.386507004,-0.392655939,0.834525704]}
{"name":"Camera_24","class":"Camera","__parent":"SimGroup_","position":[-1812.30737,1225.9314,-53.7871399],"dataBlock":"Observer","rotationMatrix":[0.955851376,0.293850094,3.72528985e-09,-0.0790616497,0.257175922,-0.963124812,-0.283014387,0.920604289,0.269054294]}
{"name":"Camera_25","class":"Camera","__parent":"SimGroup_","position":[-1401.7345,1576.55054,-67.7128601],"dataBlock":"Observer","rotationMatrix":[-0.24984619,-0.968285382,0,0.965306342,-0.249077514,-0.0783816129,0.0758957937,-0.0195833631,0.996923268]}
{"name":"Camera_26","class":"Camera","__parent":"SimGroup_","position":[-1660.99707,1352.10181,-60.9706421],"dataBlock":"Observer","rotationMatrix":[0.988177598,0.153312594,0,-0.152680427,0.984102905,-0.0907182842,-0.0139082549,0.0896458179,0.995876372]}
{"name":"Camera_27","class":"Camera","__parent":"SimGroup_","position":[-1348.01428,1917.52295,-71.4370117],"dataBlock":"Observer","rotationMatrix":[-0.673307538,-0.73936218,2.98023188e-08,0.738611221,-0.672623873,-0.0450579114,0.0333141051,-0.0303377453,0.998984158]}
{"name":"Camera_28","class":"Camera","__parent":"SimGroup_","position":[-1515.64917,1950.16528,-69.6846313],"dataBlock":"Observer","rotationMatrix":[-0.192257851,0.981344342,0,-0.979342341,-0.191865578,-0.0638424307,-0.0626514331,-0.0122742793,0.997959852]}
{"name":"Camera_29","class":"Camera","__parent":"SimGroup_","position":[-1604.15955,2077.83105,-89.5215454],"dataBlock":"Observer","rotationMatrix":[-0.115052685,-0.993359327,-2.98023188e-08,0.978993118,-0.113388754,-0.169455588,0.168330371,-0.0194964465,0.985537708]}
{"name":"Camera_3","class":"Camera","__parent":"SimGroup_","position":[-950.763184,-2096.01025,56.9900818],"dataBlock":"Observer","rotationMatrix":[0.207291454,0.978279114,2.98023188e-08,-0.974856794,0.206566289,-0.0835711509,-0.0817559436,0.0173235089,0.996501625]}
{"name":"Camera_30","class":"Camera","__parent":"SimGroup_","position":[-1393.85425,2191.08008,-106.936859],"dataBlock":"Observer","rotationMatrix":[-0.999999762,4.52258209e-05,0,-2.59202825e-05,-0.573130071,-0.819464207,-3.70609487e-05,-0.819464087,0.573130071]}
{"name":"Camera_31","class":"Camera","__parent":"SimGroup_","position":[-1325.54773,2342.89038,-121.768768],"dataBlock":"Observer","rotationMatrix":[-0.913379669,0.407108814,9.09494593e-13,-2.46120562e-05,-5.52190213e-05,-0.999999821,-0.407108784,-0.91337961,6.04557172e-05]}
{"name":"Camera_32","class":"Camera","__parent":"SimGroup_","position":[-1196.27173,2436.40649,-138.719269],"dataBlock":"Observer","rotationMatrix":[-0.0655433983,-0.997849703,2.98023188e-08,0.997169197,-0.0654985458,-0.0369240232,0.0368447192,-0.00242019235,0.999317944]}
{"name":"Camera_33","class":"Camera","__parent":"SimGroup_","position":[-984.484985,2280.35596,-150.437958],"dataBlock":"Observer","rotationMatrix":[0.332909822,-0.942958534,-2.98023188e-08,0.850041747,0.300105751,-0.432856858,0.408166081,0.144102335,0.901462436]}
{"name":"Camera_34","class":"Camera","__parent":"SimGroup_","position":[-956.581665,-2561.48413,88.8460999],"dataBlock":"Observer","rotationMatrix":[0.667106569,0.744962513,4.74974513e-08,-0.744681299,0.666854739,-0.0274753161,-0.0204681046,0.0183289312,0.999622464]}
{"name":"Camera_35","class":"Camera","__parent":"SimGroup_","position":[-840.706665,2298.45044,-160.708221],"dataBlock":"Observer","rotationMatrix":[0.804114044,-0.594474792,0,0.59248054,0.801416576,-0.0818407685,0.0486522429,0.065809302,0.996645272]}
{"name":"Camera_36","class":"Camera","__parent":"SimGroup_","position":[-457.981171,2255.04956,-190.228668],"dataBlock":"Observer","rotationMatrix":[0.45271188,-0.891656756,0,0.890684545,0.452218264,-0.0466836281,0.0416258089,0.0211342331,0.998909593]}
{"name":"Camera_37","class":"Camera","__parent":"SimGroup_","position":[-167.754486,2531.14966,-173.453827],"dataBlock":"Observer","rotationMatrix":[0.979899228,0.199492469,0,-0.14061743,0.690707386,-0.709330499,-0.141506106,0.695072472,0.704875886]}
{"name":"Camera_38","class":"Camera","__parent":"SimGroup_","position":[-408.761017,2449.76343,-185.213898],"dataBlock":"Observer","rotationMatrix":[-0.967926621,-0.251232594,-7.45057971e-09,0.247338638,-0.952924252,-0.175381362,0.0440615267,-0.169756353,0.984500408]}
{"name":"Camera_39","class":"Camera","__parent":"SimGroup_","position":[106.059784,2587.04907,-168.113129],"dataBlock":"Observer","rotationMatrix":[0.941861212,0.336001843,0,-0.201697767,0.565387726,-0.799783945,-0.268728912,0.753285527,0.600287676]}
{"name":"Camera_4","class":"Camera","__parent":"SimGroup_","position":[-1137.11853,-1997.40771,50.1846619],"dataBlock":"Observer","rotationMatrix":[-0.959405065,0.282031178,7.45057971e-09,-0.248585075,-0.845629036,-0.472352087,-0.13321802,-0.453177065,0.881409705]}
{"name":"Camera_40","class":"Camera","__parent":"SimGroup_","position":[294.039459,2726.58423,-169.649506],"dataBlock":"Observer","rotationMatrix":[0.996730149,-0.0808006898,-3.72528985e-09,0.080745548,0.996049941,-0.036937613,0.00298458966,0.0368167944,0.999317467]}
{"name":"Camera_42","class":"Camera","__parent":"SimGroup_","position":[376.342621,2615.50757,-163.756805],"dataBlock":"Observer","rotationMatrix":[0.0456893966,-0.998955548,0,0.587214887,0.0268575456,-0.808985114,0.808140337,0.0369620286,0.587828755]}
{"name":"Camera_43","class":"Camera","__parent":"SimGroup_","position":[405.06308,2209.72168,-142.492279],"dataBlock":"Observer","rotationMatrix":[0.697117329,0.716956854,7.45057971e-09,-0.129496783,0.125913382,-0.983552754,-0.705165029,0.685651779,0.180620044]}
{"name":"Camera_44","class":"Camera","__parent":"SimGroup_","position":[-1197.57031,-2760.9939,83.0736694],"dataBlock":"Observer","rotationMatrix":[0.900623083,0.434600681,-1.49011594e-08,-0.434568197,0.900555789,-0.0122172488,-0.00530958921,0.0110031543,0.999925196]}
{"name":"Camera_45","class":"Camera","__parent":"SimGroup_","position":[783.411621,1986.53394,-126.009064],"dataBlock":"Observer","rotationMatrix":[-0.0427459404,0.999085844,0,-2.74347849e-06,-1.17380189e-07,-0.999999821,-0.999085784,-0.0427459404,2.74598847e-06]}
{"name":"Camera_46","class":"Camera","__parent":"SimGroup_","position":[1039.61694,1987.06152,-110.1409],"dataBlock":"Observer","rotationMatrix":[0.840565085,0.541710258,0,-0.538209796,0.835133374,-0.113498457,-0.0614832714,0.0954028293,0.993537962]}
{"name":"Camera_47","class":"Camera","__parent":"SimGroup_","position":[-1139.17029,-2501.52002,88.6917725],"dataBlock":"Observer","rotationMatrix":[-0.594216824,0.8043046,-2.98023188e-08,-0.80398339,-0.593979657,-0.0282559022,-0.0227263346,-0.0167900808,0.99960053]}
{"name":"Camera_48","class":"Camera","__parent":"SimGroup_","position":[1433.43921,1838.26953,-69.5465393],"dataBlock":"Observer","rotationMatrix":[0.541744947,0.840542674,0,0.0590164885,-0.0380371995,-0.997531891,-0.838468254,0.540408015,-0.0702123493]}
{"name":"Camera_49","class":"Camera","__parent":"SimGroup_","position":[1665.68213,1711.17944,-45.0057068],"dataBlock":"Observer","rotationMatrix":[-0.888964415,0.457975984,0,-0.449187338,-0.871905029,-0.194966659,-0.0892900601,-0.173318431,0.980809748]}
{"name":"Camera_5","class":"Camera","__parent":"SimGroup_","position":[-1265.1875,-1981.48071,48.9865112],"dataBlock":"Observer","rotationMatrix":[-0.999708533,-0.0241368264,0,0.0205041058,-0.849247098,-0.527596951,0.0127345193,-0.52744323,0.849494576]}
{"name":"Camera_50","class":"Camera","__parent":"SimGroup_","position":[1946.19458,1876.15918,-16.0368958],"dataBlock":"Observer","rotationMatrix":[-0.998683214,0.0512976237,1.86264493e-09,-0.0511238091,-0.995299339,-0.0822499543,-0.00421922281,-0.0821415931,0.996611476]}
{"name":"Camera_51","class":"Camera","__parent":"SimGroup_","position":[2329.06812,1985.54468,15.8988342],"dataBlock":"Observer","rotationMatrix":[-0.574555635,0.818465233,2.98023188e-08,-0.815543115,-0.572504401,-0.084425047,-0.0690989792,-0.0485068932,0.996429622]}
{"name":"Camera_52","class":"Camera","__parent":"SimGroup_","position":[2300.07788,1834.70264,12.9638977],"dataBlock":"Observer","rotationMatrix":[-0.216945261,-0.976183712,0,0.562623918,-0.125036433,-0.817202449,0.797739804,-0.17728816,0.576350391]}
{"name":"Camera_53","class":"Camera","__parent":"SimGroup_","position":[2110.65527,1677.23633,31.9613037],"dataBlock":"Observer","rotationMatrix":[0.528056622,0.849209011,0,0.0450704284,-0.0280257724,-0.99859041,-0.84801209,0.527312338,-0.0530734137]}
{"name":"Camera_54","class":"Camera","__parent":"SimGroup_","position":[2308.24194,1777.53674,25.8637085],"dataBlock":"Observer","rotationMatrix":[0.603640914,-0.797256112,-5.96046377e-08,0.797018945,0.603461385,-0.024388276,0.0194437262,0.0147217419,0.999702394]}
{"name":"Camera_56","class":"Camera","__parent":"SimGroup_","position":[2520.72241,1820.85022,37.086731],"dataBlock":"Observer","rotationMatrix":[0.658311546,0.75274539,0,0.0236857999,-0.0207143594,-0.999504626,-0.752372563,0.657985568,-0.0314658806]}
{"name":"Camera_57","class":"Camera","__parent":"SimGroup_","position":[2686.2124,1973.71533,58.6452942],"dataBlock":"Observer","rotationMatrix":[-0.801725388,0.597692251,0,-0.592724442,-0.795061767,-0.128662825,-0.0769007877,-0.103152201,0.991688192]}
{"name":"Camera_58","class":"Camera","__parent":"SimGroup_","position":[-1271.80957,-2794.81445,82.8479919],"dataBlock":"Observer","rotationMatrix":[0.153605103,0.988077283,-0.0104453983,-0.987572074,0.153153479,-0.0352943912,-0.033273831,0.0157369878,0.999322355]}
{"name":"Camera_59","class":"Camera","__parent":"SimGroup_","position":[2780.36108,2223.77124,85.6217651],"dataBlock":"Observer","rotationMatrix":[-0.993628979,0.112699948,-3.72528985e-09,-0.0856843963,-0.75544399,-0.649586141,-0.0732083321,-0.645447791,0.760287702]}
{"name":"Camera_6","class":"Camera","__parent":"SimGroup_","position":[-1368.89954,-2005.49292,49.4772644],"dataBlock":"Observer","rotationMatrix":[0.830393434,-0.557177186,0,0.555072129,0.827256143,-0.0868438631,0.0483874455,0.0721145868,0.99622184]}
{"name":"Camera_60","class":"Camera","__parent":"SimGroup_","position":[2970.64282,2162.63965,80.4371338],"dataBlock":"Observer","rotationMatrix":[-0.974034786,-0.226397425,7.45057971e-09,0.225230798,-0.969015658,-0.10138727,0.0229538176,-0.098754704,0.99484688]}
{"name":"Camera_61","class":"Camera","__parent":"SimGroup_","position":[3114.1665,2032.2478,68.9264832],"dataBlock":"Observer","rotationMatrix":[-0.862188935,0.506586492,-2.98023188e-08,-0.505104065,-0.859665811,-0.076447323,-0.0387272015,-0.0659120679,0.997073472]}
{"name":"Camera_62","class":"Camera","__parent":"SimGroup_","position":[-1320.19507,-3093.8374,79.2840576],"dataBlock":"Observer","rotationMatrix":[-0.427919567,-0.9038167,2.98023188e-08,0.903110087,-0.427585006,-0.0395352431,0.0357326679,-0.0169179775,0.999218047]}
{"name":"Camera_63","class":"Camera","__parent":"SimGroup_","position":[3388.11035,1813.84082,55.7603455],"dataBlock":"Observer","rotationMatrix":[0.531062245,0.847332597,0,0.43286851,-0.271298558,-0.859663606,-0.728421152,0.456534982,-0.510860085]}
{"name":"Camera_64","class":"Camera","__parent":"SimGroup_","position":[3324.16187,1575.12085,32.9165955],"dataBlock":"Observer","rotationMatrix":[-0.96733439,-0.253503203,0,0.251400828,-0.959312022,-0.128521502,0.0325806215,-0.124323308,0.99170655]}
{"name":"Camera_65","class":"Camera","__parent":"SimGroup_","position":[3484.06079,1521.55334,12.8554382],"dataBlock":"Observer","rotationMatrix":[0.546851754,0.837229192,2.32830616e-10,0.00402676919,-0.00263015879,-0.999988258,-0.837219477,0.546845436,-0.00480963662]}
{"name":"Camera_66","class":"Camera","__parent":"SimGroup_","position":[3459.12939,1267.47803,16.3096924],"dataBlock":"Observer","rotationMatrix":[0.970215321,0.242243707,-7.45057971e-09,-0.206145227,0.825636506,-0.525193334,-0.127224788,0.509550631,0.850982666]}
{"name":"Camera_67","class":"Camera","__parent":"SimGroup_","position":[3192.14746,1288.1604,21.7670288],"dataBlock":"Observer","rotationMatrix":[-0.573593378,0.819139957,-1.81898919e-12,-3.10725081e-05,-2.17581692e-05,-0.999999821,-0.819139898,-0.573593378,3.79330777e-05]}
{"name":"Camera_68","class":"Camera","__parent":"SimGroup_","position":[3061.93066,1056.44202,22.6027222],"dataBlock":"Observer","rotationMatrix":[-0.460264325,-0.887782037,0,0.88236469,-0.457455754,-0.110304072,0.097925961,-0.0507690199,0.993897915]}
{"name":"Camera_69","class":"Camera","__parent":"SimGroup_","position":[-1338.33447,-3294.25903,56.8494263],"dataBlock":"Observer","rotationMatrix":[-0.847957492,0.530063987,0,-0.529102206,-0.846418858,-0.0602126867,-0.031916596,-0.0510577597,0.998185396]}
{"name":"Camera_7","class":"Camera","__parent":"SimGroup_","position":[-538.926147,-1982.62036,95.053009],"dataBlock":"Observer","rotationMatrix":[-0.912505746,-0.409063697,1.49011594e-08,0.408552915,-0.911366284,-0.0499567538,0.0204355139,-0.0455858223,0.998751223]}
{"name":"Camera_70","class":"Camera","__parent":"SimGroup_","position":[3062.81348,731.499023,8.59735107],"dataBlock":"Observer","rotationMatrix":[0.866425335,0.499306411,-1.49011594e-08,-0.497864693,0.863923609,-0.0759368092,-0.0379157141,0.0657935739,0.997112453]}
{"name":"Camera_71","class":"Camera","__parent":"SimGroup_","position":[2778.5332,568.53479,14.9043884],"dataBlock":"Observer","rotationMatrix":[0.5843997,0.811276197,0.0175511241,-0.809234619,0.584259212,-0.0614861138,-0.0601366237,0.0217294879,0.997953594]}
{"name":"Camera_72","class":"Camera","__parent":"SimGroup_","position":[-1682.1394,-3591.42627,43.5814819],"dataBlock":"Observer","rotationMatrix":[0.853681862,-0.52079457,2.98023188e-08,0.519005418,0.850749135,-0.0828186423,0.0431315228,0.0707008243,0.996564507]}
{"name":"Camera_73","class":"Camera","__parent":"SimGroup_","position":[2631.15186,320.220123,6.50973511],"dataBlock":"Observer","rotationMatrix":[-0.434763968,-0.900544345,0,0.899146259,-0.434089005,-0.0556991845,0.0501596406,-0.0242160875,0.998447478]}
{"name":"Camera_74","class":"Camera","__parent":"SimGroup_","position":[-1461.50073,-3331.06494,52.3943787],"dataBlock":"Observer","rotationMatrix":[-0.334442675,0.942416072,-2.98023188e-08,-0.936451972,-0.332326174,-0.112324066,-0.105856031,-0.0375659689,0.993671536]}
{"name":"Camera_75","class":"Camera","__parent":"SimGroup_","position":[2290.33569,172.263672,6.75354004],"dataBlock":"Observer","rotationMatrix":[0.972312033,-0.233685732,0,0.233685106,0.97230947,-0.00228532893,0.00053406303,0.00222208607,0.999997258]}
{"name":"Camera_76","class":"Camera","__parent":"SimGroup_","position":[-1458.78955,-3072.23022,64.7371521],"dataBlock":"Observer","rotationMatrix":[-0.999993443,-0.0035215246,0,0.00351700303,-0.998709679,-0.0506574661,0.000178391158,-0.0506569892,0.998715878]}
{"name":"Camera_77","class":"Camera","__parent":"SimGroup_","position":[1918.85181,248.283051,19.1447449],"dataBlock":"Observer","rotationMatrix":[-0.9034729,0.428644806,0,-0.260322779,-0.548693478,-0.794460237,-0.340541303,-0.717773378,0.607315838]}
{"name":"Camera_78","class":"Camera","__parent":"SimGroup_","position":[1711.26025,109.087585,19.8395691],"dataBlock":"Observer","rotationMatrix":[0.478610337,-0.878027201,0,0.735363185,0.400844485,-0.546410322,0.47976321,0.261517674,0.837517381]}
{"name":"Camera_79","class":"Camera","__parent":"SimGroup_","position":[-1339.27747,-2677.76904,88.2180786],"dataBlock":"Observer","rotationMatrix":[-0.946507096,0.322682619,0,-0.322668672,-0.946466088,-0.00929554924,-0.00299951201,-0.00879832264,0.999956608]}
{"name":"Camera_8","class":"Camera","__parent":"SimGroup_","position":[-1553.00903,-1763.00281,48.2617798],"dataBlock":"Observer","rotationMatrix":[0.721541703,0.692370772,0,-0.156979129,0.163592964,-0.973958135,-0.674340248,0.702751517,0.226726934]}
{"name":"Camera_80","class":"Camera","__parent":"SimGroup_","position":[2027.76245,-80.0930481,29.9154358],"dataBlock":"Observer","rotationMatrix":[0.806904435,0.590681732,0,-0.589439332,0.805207133,-0.0648248345,-0.0382907838,0.0523074865,0.997896433]}
{"name":"Camera_81","class":"Camera","__parent":"SimGroup_","position":[-1555.57556,-2600.35059,76.6308899],"dataBlock":"Observer","rotationMatrix":[0.0388716981,-0.999244094,2.98023188e-08,0.995523393,0.038726978,-0.0862152129,0.0861500055,0.00335133355,0.996276379]}
{"name":"Camera_82","class":"Camera","__parent":"SimGroup_","position":[2059.88428,-348.69339,23.3708496],"dataBlock":"Observer","rotationMatrix":[0.822654426,0.568541408,0,-0.568132818,0.822063148,-0.0379063673,-0.0215513576,0.0311838463,0.999281108]}
{"name":"Camera_83","class":"Camera","__parent":"SimGroup_","position":[1813.36621,-473.366486,21.7690735],"dataBlock":"Observer","rotationMatrix":[-0.216939658,0.976184845,0,-0.976159811,-0.216934159,-0.00715037854,-0.00698005594,-0.0015511699,0.999974191]}
{"name":"Camera_84","class":"Camera","__parent":"SimGroup_","position":[1582.94702,-603.52356,16.7500916],"dataBlock":"Observer","rotationMatrix":[0.439004362,0.898484826,2.98023188e-08,-0.898157775,0.438844562,-0.0269764289,-0.024237914,0.0118427631,0.999635875]}
{"name":"Camera_85","class":"Camera","__parent":"SimGroup_","position":[-2306.20679,-69.7215881,27.3760376],"dataBlock":"Observer","rotationMatrix":[-0.259776294,0.965668738,-2.98023188e-08,-0.79821825,-0.214730114,-0.562794983,-0.543473601,-0.14620088,0.82659626]}
{"name":"Camera_86","class":"Camera","__parent":"SimGroup_","position":[1310.36255,-757.364258,17.3601685],"dataBlock":"Observer","rotationMatrix":[0.959953249,0.280159801,0,-0.280107051,0.959772527,-0.0194013957,-0.00543549052,0.0186244454,0.99981159]}
{"name":"Camera_87","class":"Camera","__parent":"SimGroup_","position":[-1238.49365,-2248.68262,64.8242798],"dataBlock":"Observer","rotationMatrix":[-0.973298907,-0.229540646,7.45057971e-09,0.229328051,-0.972397566,-0.0430257507,0.00987618789,-0.0418768711,0.999073744]}
{"name":"Camera_88","class":"Camera","__parent":"SimGroup_","position":[1017.36108,-924.637329,19.4857178],"dataBlock":"Observer","rotationMatrix":[0.994843781,0.101417884,-3.72528985e-09,-0.101399936,0.994667768,-0.0188070778,-0.00190737203,0.018710101,0.999822974]}
{"name":"Camera_89","class":"Camera","__parent":"SimGroup_","position":[-803.563599,-2168.68555,79.187439],"dataBlock":"Observer","rotationMatrix":[0.463495076,0.886099339,2.98023188e-08,-0.879872262,0.460237831,-0.118344851,-0.104865305,0.054852277,0.992972374]}
{"name":"Camera_9","class":"Camera","__parent":"SimGroup_","position":[-1707.08301,-1684.78601,45.2411804],"dataBlock":"Observer","rotationMatrix":[0.64806664,0.761583447,2.98023188e-08,-0.758146465,0.645142138,-0.0948957279,-0.0722710714,0.0614987463,0.995487094]}
{"name":"Camera_90","class":"Camera","__parent":"SimGroup_","position":[748.72876,-1084.17065,31.4676819],"dataBlock":"Observer","rotationMatrix":[0.991361439,-0.13115716,0,0.130749777,0.988282204,-0.0787555724,0.0103293601,0.078075245,0.996893764]}
{"name":"Camera_91","class":"Camera","__parent":"SimGroup_","position":[-536.170654,-2053.07275,91.9680786],"dataBlock":"Observer","rotationMatrix":[-0.999113441,-0.0420990996,0,0.0420544408,-0.998053491,-0.0460478254,0.00193857367,-0.0460071154,0.998939097]}
{"name":"Camera_92","class":"Camera","__parent":"SimGroup_","position":[430.925995,-1289.51855,49.4736938],"dataBlock":"Observer","rotationMatrix":[0.729049683,-0.684460521,2.98023188e-08,0.683959126,0.728515625,-0.0382689424,0.0261936132,0.0278999787,0.99926728]}
{"name":"Camera_93","class":"Camera","__parent":"SimGroup_","position":[-764.706787,-2318.1499,88.3797913],"dataBlock":"Observer","rotationMatrix":[0.711711824,0.702471256,0,0.702411294,-0.711651027,-0.0130705526,-0.00918164477,0.00930243265,-0.999914408]}
{"name":"Camera_94","class":"Camera","__parent":"SimGroup_","position":[159.515106,-1433.84998,54.3890381],"dataBlock":"Observer","rotationMatrix":[-0.825872064,-0.563857377,-2.98023188e-08,0.562568426,-0.823983967,-0.0675781518,0.0381044559,-0.0558109879,0.997713864]}
{"name":"Camera_98","class":"Camera","__parent":"SimGroup_","position":[-190.92392,-1850.76465,67.9561462],"dataBlock":"Observer","rotationMatrix":[0.998708606,-0.0508024395,0,0.0506667942,0.996042013,-0.0730263144,0.00370991603,0.0729320198,0.997329831]}
{"name":"SimGroup_","class":"SimGroup","groupPosition":"-426.09842352072 225.77291377385 355.59170198441"}
