{"name":"Camera_1","class":"Camera","__parent":"SimGroup_","position":[-237.829803,32.6333466,-4.66389084],"dataBlock":"Observer","rotationMatrix":[0.8163293,0.577549815,-0.00653218478,-0.577578187,0.816203177,-0.0146908145,-0.00315308664,0.0157653894,0.999870718]}
{"name":"Camera_10","class":"Camera","__parent":"SimGroup_","position":[391.337769,-530.174683,8.37423706],"dataBlock":"Observer","rotationMatrix":[0.645942092,0.76338613,2.98023188e-08,-0.759020746,0.642248333,-0.106789716,-0.0815217718,0.0689799637,0.994281411]}
{"name":"Camera_12","class":"Camera","__parent":"SimGroup_","position":[193.001221,-439.630035,5.72159958],"dataBlock":"Observer","rotationMatrix":[0.357142866,0.934049606,0,-0.933378875,0.356886417,-0.0378895588,-0.0353907794,0.0135319522,0.999281704]}
{"name":"Camera_13","class":"Camera","__parent":"SimGroup_","position":[81.4717484,-219.163452,-5.30324173],"dataBlock":"Observer","rotationMatrix":[-1,0,0,0,-0.999999821,-1.00413963e-05,0,-1.02202102e-05,0.999999821]}
{"name":"Camera_14","class":"Camera","__parent":"SimGroup_","position":[-80.8527145,117.841248,3.94667435],"dataBlock":"Observer","rotationMatrix":[-1,0,0,0,-0.999999821,-1.00413963e-05,0,-1.02202102e-05,0.999999821]}
{"name":"Camera_15","class":"Camera","__parent":"SimGroup_","position":[-76.2850571,228.259796,7.4439621],"dataBlock":"Observer","rotationMatrix":[0.280274808,0.959919631,2.98023188e-08,-0.959611237,0.280184716,-0.0253464803,-0.024330575,0.00710394327,0.999678552]}
{"name":"Camera_16","class":"Camera","__parent":"SimGroup_","position":[-294.162903,341.984772,8.89387131],"dataBlock":"Observer","rotationMatrix":[-0.994164586,-0.107872888,0,0.107750848,-0.993039846,-0.0475526005,0.00512963999,-0.0472751409,0.998868585]}
{"name":"Camera_17","class":"Camera","__parent":"SimGroup_","position":[-448.593384,323.122589,-3.52299118],"dataBlock":"Observer","rotationMatrix":[-1,0,0,0,-0.999999821,-1.00413963e-05,0,-1.02202102e-05,0.999999821]}
{"name":"Camera_2","class":"Camera","__parent":"SimGroup_","position":[-60.7785187,67.7142639,-4.11839294],"dataBlock":"Observer","rotationMatrix":[-0.980580568,-0.196116105,7.45057971e-09,0.196090743,-0.98045373,-0.0160776023,0.00315308734,-0.0157653913,0.999870539]}
{"name":"Camera_20","class":"Camera","__parent":"SimGroup_","position":[-345.715851,219.699219,-7.17776871],"dataBlock":"Observer","rotationMatrix":[0.555864751,-0.831272542,-5.96046377e-08,0.831268966,0.555862367,-0.00290760142,0.00241704052,0.00161622814,0.999995589]}
{"name":"Camera_21","class":"Camera","__parent":"SimGroup_","position":[-417.352509,330.664612,-6.90441513],"dataBlock":"Observer","rotationMatrix":[-0.262492001,0.964933991,0,-0.964848399,-0.262468755,-0.0133178486,-0.0128508136,-0.00349571556,0.999911129]}
{"name":"Camera_3","class":"Camera","__parent":"SimGroup_","position":[39.3914261,193.338043,-3.10983276],"dataBlock":"Observer","rotationMatrix":[-0.943858147,0.330350339,1.49011594e-08,-0.329615295,-0.941757977,-0.0666725785,-0.0220252816,-0.0629293397,0.997774661]}
{"name":"Camera_4","class":"Camera","__parent":"SimGroup_","position":[336.438812,38.5090561,1.80965042],"dataBlock":"Observer","rotationMatrix":[0.996710181,-0.0810463801,0,0.0808823332,0.994692624,-0.0635939986,0.00515405694,0.0633847862,0.997975647]}
{"name":"Camera_5","class":"Camera","__parent":"SimGroup_","position":[-320.438416,130.398895,0.210582733],"dataBlock":"Observer","rotationMatrix":[-1,0,0,0,-0.999999821,-1.00413963e-05,0,-1.02202102e-05,0.999999821]}
{"name":"Camera_7","class":"Camera","__parent":"SimGroup_","position":[379.608765,-238.770996,16.2882805],"dataBlock":"Observer","rotationMatrix":[-1,0,0,0,-0.999999821,-1.00413963e-05,0,-1.02202102e-05,0.999999821]}
{"name":"Camera_8","class":"Camera","__parent":"SimGroup_","position":[454.01532,-183.814102,1.34851837],"dataBlock":"Observer","rotationMatrix":[0.967996776,-0.250962079,7.45057971e-09,0.249996886,0.964273632,-0.0876208097,0.0219894834,0.0848167017,0.996153653]}
{"name":"Camera_9","class":"Camera","__parent":"SimGroup_","position":[340.524902,-345.997498,15.0368996],"dataBlock":"Observer","rotationMatrix":[-1,0,0,0,-0.999999821,-1.00413963e-05,0,-1.02202102e-05,0.999999821]}
{"name":"SimGroup_","class":"SimGroup","groupPosition":"-66.219288720025 66.615054236518 34.273717456394"}
