{"name":"Camera_1","class":"Camera","__parent":"SimGroup_","position":[728.772583,77.609024,-2.4130249],"dataBlock":"Observer","rotationMatrix":[0.999999881,2.35533553e-05,-9.09494593e-13,-2.35533535e-05,0.999999762,-5.64138027e-05,-1.32719269e-09,5.64138027e-05,0.999999762]}
{"name":"Camera_10","class":"Camera","__parent":"SimGroup_","position":[-17.5280991,-184.90329,13.146759],"dataBlock":"Observer","rotationMatrix":[0.879087567,-0.476659954,0,0.476103008,0.8780604,-0.04832609,0.0230351016,0.0424828641,0.998831451]}
{"name":"Camera_11","class":"Camera","__parent":"SimGroup_","position":[-176.076538,-185.94873,3.11782837],"dataBlock":"Observer","rotationMatrix":[0.583824694,-0.811879516,5.96046377e-08,0.811072111,0.583244205,-0.0445864983,0.036198888,0.026030764,0.999005377]}
{"name":"Camera_12","class":"Camera","__parent":"SimGroup_","position":[-238.568314,-90.4979858,6.0741272],"dataBlock":"Observer","rotationMatrix":[-0.0192441903,0.999814689,-2.98023188e-08,-0.999291241,-0.0192342363,-0.0323540755,-0.0323480554,-0.000622512482,0.999476314]}
{"name":"Camera_13","class":"Camera","__parent":"SimGroup_","position":[-318.212646,52.4163055,10.586731],"dataBlock":"Observer","rotationMatrix":[0.918998182,0.394261479,0,-0.39426142,0.918998063,-0.000324098219,-0.000127767198,0.000297805498,0.999999821]}
{"name":"Camera_14","class":"Camera","__parent":"SimGroup_","position":[-343.266663,160.534973,27.2391052],"dataBlock":"Observer","rotationMatrix":[0.99999994,0,0,0,0.99999994,0,0,0,0.999999881]}
{"name":"Camera_15","class":"Camera","__parent":"SimGroup_","position":[-427.395325,-28.0412445,18.024292],"dataBlock":"Observer","rotationMatrix":[-0.639398456,0.768875301,2.98023188e-08,-0.768875182,-0.639398456,-0.000182000775,-0.000139899683,-0.000116404146,0.999999821]}
{"name":"Camera_16","class":"Camera","__parent":"SimGroup_","position":[-608.537903,-78.0440674,16.6645203],"dataBlock":"Observer","rotationMatrix":[-0.752982736,-0.658040047,0,-0.658039987,0.752982616,-7.17361618e-05,4.71791427e-05,-5.3935968e-05,-0.999999762]}
{"name":"Camera_17","class":"Camera","__parent":"SimGroup_","position":[-770.098206,-83.1345825,17.6127014],"dataBlock":"Observer","rotationMatrix":[0.995321453,-0.0966178924,-3.72528985e-09,0.0966178849,0.995321333,-6.19570274e-05,5.98753604e-06,6.16585967e-05,0.999999821]}
{"name":"Camera_18","class":"Camera","__parent":"SimGroup_","position":[-980.396606,138.967773,18.0357666],"dataBlock":"Observer","rotationMatrix":[-0.777632833,-0.628718376,2.98023188e-08,0.628657341,-0.777557254,-0.013929869,0.00875797216,-0.0108322566,0.999902725]}
{"name":"Camera_19","class":"Camera","__parent":"SimGroup_","position":[-1123.67432,-12.5207443,23.661438],"dataBlock":"Observer","rotationMatrix":[0.99999994,0,0,0,0.99999994,0,0,0,0.999999881]}
{"name":"Camera_2","class":"Camera","__parent":"SimGroup_","position":[1043.5542,-107.415283,-14.8335571],"dataBlock":"Observer","rotationMatrix":[0.999877095,0.0156684406,0,-0.0156684406,0.999877036,-0.000179974217,-2.821414e-06,0.000179974202,0.999999821]}
{"name":"Camera_20","class":"Camera","__parent":"SimGroup_","position":[-912.066467,-93.1550598,8.78640747],"dataBlock":"Observer","rotationMatrix":[0.529080272,0.848571599,2.98023188e-08,-0.848571479,0.529080212,-0.00023653901,-0.000200703376,0.000125156381,0.999999762]}
{"name":"Camera_21","class":"Camera","__parent":"SimGroup_","position":[-746.149231,-118.053787,5.52050781],"dataBlock":"Observer","rotationMatrix":[-0.692376018,0.721536517,-2.98023188e-08,-0.721223354,-0.69207561,-0.0294590816,-0.0212557614,-0.0203966461,0.99956578]}
{"name":"Camera_22","class":"Camera","__parent":"SimGroup_","position":[-611.436646,-116.132202,11.8513489],"dataBlock":"Observer","rotationMatrix":[-0.766601205,-0.642123222,2.98023188e-08,-0.642123222,0.766601145,-7.44183708e-05,4.77169742e-05,-5.70342199e-05,-0.999999821]}
{"name":"Camera_23","class":"Camera","__parent":"SimGroup_","position":[-377.064026,-123.699158,14.4206238],"dataBlock":"Observer","rotationMatrix":[0.999999881,2.35533553e-05,-9.09494593e-13,-2.35533535e-05,0.999999762,-5.64138027e-05,-1.32719269e-09,5.64138027e-05,0.999999762]}
{"name":"Camera_24","class":"Camera","__parent":"SimGroup_","position":[-145.506882,-85.3526306,9.41101074],"dataBlock":"Observer","rotationMatrix":[0.99999994,0,0,0,0.99999994,0,0,0,0.999999881]}
{"name":"Camera_25","class":"Camera","__parent":"SimGroup_","position":[20.5517693,61.5925293,13.3443604],"dataBlock":"Observer","rotationMatrix":[-0.898962736,0.438024879,-1.49011594e-08,-0.438012332,-0.898937047,-0.00755300792,-0.003308438,-0.0067898808,0.99997133]}
{"name":"Camera_26","class":"Camera","__parent":"SimGroup_","position":[57.2261353,162.275543,21.462738],"dataBlock":"Observer","rotationMatrix":[0.999999881,2.35533553e-05,-9.09494593e-13,-2.35533535e-05,0.999999762,-5.64138027e-05,-1.32719269e-09,5.64138027e-05,0.999999762]}
{"name":"Camera_27","class":"Camera","__parent":"SimGroup_","position":[156.100784,194.247101,18.149231],"dataBlock":"Observer","rotationMatrix":[0.99999994,0,0,0,0.99999994,0,0,0,0.999999881]}
{"name":"Camera_28","class":"Camera","__parent":"SimGroup_","position":[257.518921,286.860718,5.79589844],"dataBlock":"Observer","rotationMatrix":[0.99999994,0,0,0,0.99999994,0,0,0,0.999999881]}
{"name":"Camera_29","class":"Camera","__parent":"SimGroup_","position":[405.158386,172.730408,50.3149719],"dataBlock":"Observer","rotationMatrix":[0.99999994,0,0,0,0.99999994,0,0,0,0.999999881]}
{"name":"Camera_3","class":"Camera","__parent":"SimGroup_","position":[956.051575,-300.965698,-15.2731628],"dataBlock":"Observer","rotationMatrix":[0.999999881,2.35533553e-05,-9.09494593e-13,-2.35533535e-05,0.999999762,-5.64138027e-05,-1.32719269e-09,5.64138027e-05,0.999999762]}
{"name":"Camera_30","class":"Camera","__parent":"SimGroup_","position":[482.39325,215.804993,-0.000244140625],"dataBlock":"Observer","rotationMatrix":[-0.823565364,-0.567221165,2.98023188e-08,-0.567221165,0.823565304,-0.000120254335,6.81679157e-05,-9.89909022e-05,-0.999999821]}
{"name":"Camera_31","class":"Camera","__parent":"SimGroup_","position":[471.051514,206.073273,-0.750457764],"dataBlock":"Observer","rotationMatrix":[-0.835568309,-0.549386144,0,0.549134195,-0.835185111,-0.0302812085,0.0166360587,-0.0253020003,0.999541223]}
{"name":"Camera_32","class":"Camera","__parent":"SimGroup_","position":[731.390381,38.3274918,-12.0355835],"dataBlock":"Observer","rotationMatrix":[-0.57942903,-0.815022349,-2.98023188e-08,0.814555109,-0.579096973,-0.0338554569,0.027592903,-0.0196167696,0.999426484]}
{"name":"Camera_4","class":"Camera","__parent":"SimGroup_","position":[823.492859,-144.625153,-13.3278198],"dataBlock":"Observer","rotationMatrix":[-0.522531629,-0.852619648,-2.98023188e-08,0.851369202,-0.521765232,-0.0541394502,0.046160318,-0.0282895956,0.998533189]}
{"name":"Camera_5","class":"Camera","__parent":"SimGroup_","position":[661.342102,-177.983795,-5.79678345],"dataBlock":"Observer","rotationMatrix":[-0.588825345,0.808260083,2.98023188e-08,-0.808259547,-0.588825107,-0.00101586955,-0.000821094669,-0.000598124345,0.999999344]}
{"name":"Camera_6","class":"Camera","__parent":"SimGroup_","position":[406.217468,-90.3466187,4.74285889],"dataBlock":"Observer","rotationMatrix":[-0.937500954,0.347981989,0,-0.34798184,-0.937500477,-0.000988093787,-0.000343815045,-0.000926218752,0.999999285]}
{"name":"Camera_7","class":"Camera","__parent":"SimGroup_","position":[362.001587,107.79866,-0.908996582],"dataBlock":"Observer","rotationMatrix":[0.99999994,0,0,0,0.99999994,0,0,0,0.999999881]}
{"name":"Camera_8","class":"Camera","__parent":"SimGroup_","position":[250.730118,196.972412,14.6986084],"dataBlock":"Observer","rotationMatrix":[0.132044643,0.99124366,2.98023188e-08,-0.990081251,0.131889731,-0.0484120995,-0.0479881912,0.00639248919,0.998827219]}
{"name":"Camera_9","class":"Camera","__parent":"SimGroup_","position":[21.9837875,31.7030411,16.8334351],"dataBlock":"Observer","rotationMatrix":[0.836131036,-0.548529387,0,0.54788816,0.835153401,-0.0483396798,0.0265157353,0.0404183343,0.998830736]}
{"name":"SimGroup_","class":"SimGroup","groupPosition":"39.559340910478 83.094327040807 284.15561005563"}
